    game.Players.LocalPlayer.Character.HumanoidRootPart.CFrame = CFrame.new(477.694153, 34.5334091, 612.059753, 0.707134247, 5.65646907e-08, 0.707079291, -7.74163382e-08, 1, -2.57531019e-09, -0.707079291, -5.29183986e-08, 0.707134247)
wait(2)
    game.Players.LocalPlayer.Character.HumanoidRootPart.CFrame = CFrame.new(488.797974, 34.5334091, 601.07666, 0.707134247, 1.25843256e-08, 0.707079291, -2.13613927e-09, 1, -1.56613105e-08, -0.707079291, 9.56422852e-09, 0.707134247)
wait(10)
    game.Players.LocalPlayer.Character.HumanoidRootPart.CFrame = CFrame.new(499.522247, 36.9593658, 592.104492, 0.499959469, -9.0809408e-08, 0.866048813, 4.81957834e-08, 1, 7.70319915e-08, -0.866048813, 3.22702487e-09, 0.499959469)
wait(2)
    game.Players.LocalPlayer.Character.HumanoidRootPart.CFrame = CFrame.new(490.319763, 34.5334091, 597.976318, 0.707134247, -9.4532659e-08, 0.707079291, 1.00247838e-07, 1, 3.34389298e-08, -0.707079291, 4.72373607e-08, 0.707134247)
wait(20)
    game.Players.LocalPlayer.Character.HumanoidRootPart.CFrame = CFrame.new(499.522247, 36.9593658, 592.104492, 0.499959469, -9.0809408e-08, 0.866048813, 4.81957834e-08, 1, 7.70319915e-08, -0.866048813, 3.22702487e-09, 0.499959469)
wait(0.2)
    game.Players.LocalPlayer.Character.HumanoidRootPart.CFrame = CFrame.new(484.820038, 34.5334091, 583.443176, 0.707134247, -4.35130261e-08, 0.707079291, -8.89203111e-09, 1, 7.04318239e-08, -0.707079291, -5.60921265e-08, 0.707134247)
wait(20)
    game.Players.LocalPlayer.Character.HumanoidRootPart.CFrame = CFrame.new(499.522247, 36.9593658, 592.104492, 0.499959469, -9.0809408e-08, 0.866048813, 4.81957834e-08, 1, 7.70319915e-08, -0.866048813, 3.22702487e-09, 0.499959469)
wait(0.2)
    game.Players.LocalPlayer.Character.HumanoidRootPart.CFrame = CFrame.new(493.307129, 34.5334091, 574.956055, 0.707134247, 0, 0.707079291, 0, 1, 0, -0.707079291, 0, 0.707134247)
wait(24)
    game.Players.LocalPlayer.Character.HumanoidRootPart.CFrame = CFrame.new(499.522247, 36.9593658, 592.104492, 0.499959469, -9.0809408e-08, 0.866048813, 4.81957834e-08, 1, 7.70319915e-08, -0.866048813, 3.22702487e-09, 0.499959469)
wait(0.2)
    game.Players.LocalPlayer.Character.HumanoidRootPart.CFrame = CFrame.new(481.139862, 37.5334091, 607.15625, 0.707134247, 7.44003188e-08, 0.707079291, -3.49026408e-08, 1, -7.03166805e-08, -0.707079291, 2.50443986e-08, 0.707134247)
wait(18)
    game.Players.LocalPlayer.Character.HumanoidRootPart.CFrame = CFrame.new(499.522247, 36.9593658, 592.104492, 0.499959469, -9.0809408e-08, 0.866048813, 4.81957834e-08, 1, 7.70319915e-08, -0.866048813, 3.22702487e-09, 0.499959469)
wait(0.2)
    game.Players.LocalPlayer.Character.HumanoidRootPart.CFrame = CFrame.new(487.71524, 36.9593658, 563.370361, 0.707134247, 0, 0.707079291, 0, 1, 0, -0.707079291, 0, 0.707134247)
wait(18)
    game.Players.LocalPlayer.Character.HumanoidRootPart.CFrame = CFrame.new(499.522247, 36.9593658, 592.104492, 0.499959469, -9.0809408e-08, 0.866048813, 4.81957834e-08, 1, 7.70319915e-08, -0.866048813, 3.22702487e-09, 0.499959469)
wait(0.2)
    game.Players.LocalPlayer.Character.HumanoidRootPart.CFrame = CFrame.new(453.704285, 31.3855362, 563.90387, 0.707134247, 0, 0.707079291, 0, 1, 0, -0.707079291, 0, 0.707134247)
wait(18)
    game.Players.LocalPlayer.Character.HumanoidRootPart.CFrame = CFrame.new(499.522247, 36.9593658, 592.104492, 0.499959469, -9.0809408e-08, 0.866048813, 4.81957834e-08, 1, 7.70319915e-08, -0.866048813, 3.22702487e-09, 0.499959469)
wait(0.2)
    game.Players.LocalPlayer.Character.HumanoidRootPart.CFrame = CFrame.new(502.436066, 31.635355, 585.860046, 0.707134247, 0, 0.707079291, 0, 1, 0, -0.707079291, 0, 0.707134247)
wait(18)
    game.Players.LocalPlayer.Character.HumanoidRootPart.CFrame = CFrame.new(499.522247, 36.9593658, 592.104492, 0.499959469, -9.0809408e-08, 0.866048813, 4.81957834e-08, 1, 7.70319915e-08, -0.866048813, 3.22702487e-09, 0.499959469)
wait(0.2)
    game.Players.LocalPlayer.Character.HumanoidRootPart.CFrame = CFrame.new(491.457733, 31.635355, 596.838501, 0.707134247, 0, 0.707079291, 0, 1, 0, -0.707079291, 0, 0.707134247)
wait(16)
    game.Players.LocalPlayer.Character.HumanoidRootPart.CFrame = CFrame.new(499.522247, 36.9593658, 592.104492, 0.499959469, -9.0809408e-08, 0.866048813, 4.81957834e-08, 1, 7.70319915e-08, -0.866048813, 3.22702487e-09, 0.499959469)
wait(0.2)
    game.Players.LocalPlayer.Character.HumanoidRootPart.CFrame = CFrame.new(519.456421, 31.635355, 580.727661, 0.707134247, 0, 0.707079291, 0, 1, 0, -0.707079291, 0, 0.707134247)
wait(16)
    game.Players.LocalPlayer.Character.HumanoidRootPart.CFrame = CFrame.new(499.522247, 36.9593658, 592.104492, 0.499959469, -9.0809408e-08, 0.866048813, 4.81957834e-08, 1, 7.70319915e-08, -0.866048813, 3.22702487e-09, 0.499959469)
wait(0.2)
    game.Players.LocalPlayer.Character.HumanoidRootPart.CFrame = CFrame.new(524.966064, 31.635355, 575.21814, 0.707134247, 0, 0.707079291, 0, 1, 0, -0.707079291, 0, 0.707134247)
wait(35)
    game.Players.LocalPlayer.Character.HumanoidRootPart.CFrame = CFrame.new(499.522247, 36.9593658, 592.104492, 0.499959469, -9.0809408e-08, 0.866048813, 4.81957834e-08, 1, 7.70319915e-08, -0.866048813, 3.22702487e-09, 0.499959469)
wait(0.2)
    game.Players.LocalPlayer.Character.HumanoidRootPart.CFrame = CFrame.new(481.673798, 31.635355, 610.986694, 0.707134247, 0, 0.707079291, 0, 1, 0, -0.707079291, 0, 0.707134247)
wait(18)
    game.Players.LocalPlayer.Character.HumanoidRootPart.CFrame = CFrame.new(499.522247, 36.9593658, 592.104492, 0.499959469, -9.0809408e-08, 0.866048813, 4.81957834e-08, 1, 7.70319915e-08, -0.866048813, 3.22702487e-09, 0.499959469)
wait(0.2)
    game.Players.LocalPlayer.Character.HumanoidRootPart.CFrame = CFrame.new(471.681488, 31.6353474, 611.524048, -0.707134247, 0, -0.707079291, 0, 1, 0, 0.707079291, 0, -0.707134247)
wait(20)
    game.Players.LocalPlayer.Character.HumanoidRootPart.CFrame = CFrame.new(499.522247, 36.9593658, 592.104492, 0.499959469, -9.0809408e-08, 0.866048813, 4.81957834e-08, 1, 7.70319915e-08, -0.866048813, 3.22702487e-09, 0.499959469)
wait(0.2)
    game.Players.LocalPlayer.Character.HumanoidRootPart.CFrame = CFrame.new(465.530365, 31.635355, 598.89209, 0.707134247, 0, 0.707079291, 0, 1, 0, -0.707079291, 0, 0.707134247)
wait(25)
    game.Players.LocalPlayer.Character.HumanoidRootPart.CFrame = CFrame.new(499.522247, 36.9593658, 592.104492, 0.499959469, -9.0809408e-08, 0.866048813, 4.81957834e-08, 1, 7.70319915e-08, -0.866048813, 3.22702487e-09, 0.499959469)
wait(0.2)
    game.Players.LocalPlayer.Character.HumanoidRootPart.CFrame = CFrame.new(481.769501, 31.6353474, 585.500854, 0.707134247, 0, 0.707079291, 0, 1, 0, -0.707079291, 0, 0.707134247)
wait(40)
    game.Players.LocalPlayer.Character.HumanoidRootPart.CFrame = CFrame.new(499.522247, 36.9593658, 592.104492, 0.499959469, -9.0809408e-08, 0.866048813, 4.81957834e-08, 1, 7.70319915e-08, -0.866048813, 3.22702487e-09, 0.499959469)
wait(0.2)
    game.Players.LocalPlayer.Character.HumanoidRootPart.CFrame = CFrame.new(514.501892, 31.6353474, 561.191406, 0.707134247, 0, 0.707079291, 0, 1, 0, -0.707079291, 0, 0.707134247)
wait(25)
    game.Players.LocalPlayer.Character.HumanoidRootPart.CFrame = CFrame.new(499.522247, 36.9593658, 592.104492, 0.499959469, -9.0809408e-08, 0.866048813, 4.81957834e-08, 1, 7.70319915e-08, -0.866048813, 3.22702487e-09, 0.499959469)
wait(0.2)
    game.Players.LocalPlayer.Character.HumanoidRootPart.CFrame = CFrame.new(520.400269, 31.6353474, 576.61377, 0.707134247, 0, 0.707079291, 0, 1, 0, -0.707079291, 0, 0.707134247)
wait(25)
    game.Players.LocalPlayer.Character.HumanoidRootPart.CFrame = CFrame.new(499.522247, 36.9593658, 592.104492, 0.499959469, -9.0809408e-08, 0.866048813, 4.81957834e-08, 1, 7.70319915e-08, -0.866048813, 3.22702487e-09, 0.499959469)
wait(0.2)
    game.Players.LocalPlayer.Character.HumanoidRootPart.CFrame = CFrame.new(531.499512, 31.6353474, 565.514587, 0.707134247, 0, 0.707079291, 0, 1, 0, -0.707079291, 0, 0.707134247)
wait(20)
    game.Players.LocalPlayer.Character.HumanoidRootPart.CFrame = CFrame.new(499.522247, 36.9593658, 592.104492, 0.499959469, -9.0809408e-08, 0.866048813, 4.81957834e-08, 1, 7.70319915e-08, -0.866048813, 3.22702487e-09, 0.499959469)
wait(0.2)
    game.Players.LocalPlayer.Character.HumanoidRootPart.CFrame = CFrame.new(553.674805, 31.6353493, 559.993835, -0.707134247, 0, -0.707079291, 0, 1, 0, 0.707079291, 0, -0.707134247)
wait(25)
    game.Players.LocalPlayer.Character.HumanoidRootPart.CFrame = CFrame.new(499.522247, 36.9593658, 592.104492, 0.499959469, -9.0809408e-08, 0.866048813, 4.81957834e-08, 1, 7.70319915e-08, -0.866048813, 3.22702487e-09, 0.499959469)
wait(0.2)
    game.Players.LocalPlayer.Character.HumanoidRootPart.CFrame = CFrame.new(508.008789, 31.6353474, 561.293457, -0.707134247, 0, -0.707079291, 0, 1, 0, 0.707079291, 0, -0.707134247)
wait(34)
    game.Players.LocalPlayer.Character.HumanoidRootPart.CFrame = CFrame.new(499.522247, 36.9593658, 592.104492, 0.499959469, -9.0809408e-08, 0.866048813, 4.81957834e-08, 1, 7.70319915e-08, -0.866048813, 3.22702487e-09, 0.499959469)
wait(0.2)
    game.Players.LocalPlayer.Character.HumanoidRootPart.CFrame = CFrame.new(509.03775, 31.6353474, 556.884521, -0.707134247, 0, -0.707079291, 0, 1, 0, 0.707079291, 0, -0.707134247)
wait(30)
    game.Players.LocalPlayer.Character.HumanoidRootPart.CFrame = CFrame.new(499.522247, 36.9593658, 592.104492, 0.499959469, -9.0809408e-08, 0.866048813, 4.81957834e-08, 1, 7.70319915e-08, -0.866048813, 3.22702487e-09, 0.499959469)
wait(0.2)
    game.Players.LocalPlayer.Character.HumanoidRootPart.CFrame = CFrame.new(536.253601, 31.6353474, 565.365295, 0.707134247, 0, 0.707079291, 0, 1, 0, -0.707079291, 0, 0.707134247)
wait(30)
    game.Players.LocalPlayer.Character.HumanoidRootPart.CFrame = CFrame.new(499.522247, 36.9593658, 592.104492, 0.499959469, -9.0809408e-08, 0.866048813, 4.81957834e-08, 1, 7.70319915e-08, -0.866048813, 3.22702487e-09, 0.499959469)
wait(0.2)
    game.Players.LocalPlayer.Character.HumanoidRootPart.CFrame = CFrame.new(528.362122, 31.6353474, 544.263245, 0.707134247, 0, 0.707079291, 0, 1, 0, -0.707079291, 0, 0.707134247)
wait(30)
    game.Players.LocalPlayer.Character.HumanoidRootPart.CFrame = CFrame.new(499.522247, 36.9593658, 592.104492, 0.499959469, -9.0809408e-08, 0.866048813, 4.81957834e-08, 1, 7.70319915e-08, -0.866048813, 3.22702487e-09, 0.499959469)
wait(0.2)
    game.Players.LocalPlayer.Character.HumanoidRootPart.CFrame = CFrame.new(540.488525, 31.6353474, 545.308228, 0.707134247, 0, 0.707079291, 0, 1, 0, -0.707079291, 0, 0.707134247)
wait(30)
    game.Players.LocalPlayer.Character.HumanoidRootPart.CFrame = CFrame.new(499.522247, 36.9593658, 592.104492, 0.499959469, -9.0809408e-08, 0.866048813, 4.81957834e-08, 1, 7.70319915e-08, -0.866048813, 3.22702487e-09, 0.499959469)
wait(0.2)
    game.Players.LocalPlayer.Character.HumanoidRootPart.CFrame = CFrame.new(479.091614, 31.6353474, 552.207886, 0.707134247, 0, 0.707079291, 0, 1, 0, -0.707079291, 0, 0.707134247)
wait(60)
    game.Players.LocalPlayer.Character.HumanoidRootPart.CFrame = CFrame.new(499.522247, 36.9593658, 592.104492, 0.499959469, -9.0809408e-08, 0.866048813, 4.81957834e-08, 1, 7.70319915e-08, -0.866048813, 3.22702487e-09, 0.499959469)
wait(0.2)
    game.Players.LocalPlayer.Character.HumanoidRootPart.CFrame = CFrame.new(518.625427, 31.6353474, 553.999939, 0.707134247, 0, 0.707079291, 0, 1, 0, -0.707079291, 0, 0.707134247)
wait(40)
    game.Players.LocalPlayer.Character.HumanoidRootPart.CFrame = CFrame.new(499.522247, 36.9593658, 592.104492, 0.499959469, -9.0809408e-08, 0.866048813, 4.81957834e-08, 1, 7.70319915e-08, -0.866048813, 3.22702487e-09, 0.499959469)
wait(0.2)
    game.Players.LocalPlayer.Character.HumanoidRootPart.CFrame = CFrame.new(483.952454, 31.6353474, 605.739563, 0.707134247, 0, 0.707079291, 0, 1, 0, -0.707079291, 0, 0.707134247)
wait(60)
    game.Players.LocalPlayer.Character.HumanoidRootPart.CFrame = CFrame.new(499.522247, 36.9593658, 592.104492, 0.499959469, -9.0809408e-08, 0.866048813, 4.81957834e-08, 1, 7.70319915e-08, -0.866048813, 3.22702487e-09, 0.499959469)
wait(0.2)
    game.Players.LocalPlayer.Character.HumanoidRootPart.CFrame = CFrame.new(527.272461, 31.3857002, 510.127625, 0.707134247, 0, 0.707079291, 0, 1, 0, -0.707079291, 0, 0.707134247)
wait(45)
    game.Players.LocalPlayer.Character.HumanoidRootPart.CFrame = CFrame.new(499.522247, 36.9593658, 592.104492, 0.499959469, -9.0809408e-08, 0.866048813, 4.81957834e-08, 1, 7.70319915e-08, -0.866048813, 3.22702487e-09, 0.499959469)
wait(0.2)
    game.Players.LocalPlayer.Character.HumanoidRootPart.CFrame = CFrame.new(536.037292, 31.6353474, 493.89801, 0.707134247, 0, 0.707079291, 0, 1, 0, -0.707079291, 0, 0.707134247)
wait(60)
    game.Players.LocalPlayer.Character.HumanoidRootPart.CFrame = CFrame.new(499.522247, 36.9593658, 592.104492, 0.499959469, -9.0809408e-08, 0.866048813, 4.81957834e-08, 1, 7.70319915e-08, -0.866048813, 3.22702487e-09, 0.499959469)
wait(0.2)
    game.Players.LocalPlayer.Character.HumanoidRootPart.CFrame = CFrame.new(507.281281, 31.3857002, 519.789673, 0.707134247, 0, 0.707079291, 0, 1, 0, -0.707079291, 0, 0.707134247)
wait(80)
    game.Players.LocalPlayer.Character.HumanoidRootPart.CFrame = CFrame.new(499.522247, 36.9593658, 592.104492, 0.499959469, -9.0809408e-08, 0.866048813, 4.81957834e-08, 1, 7.70319915e-08, -0.866048813, 3.22702487e-09, 0.499959469)
wait(0.2)
    game.Players.LocalPlayer.Character.HumanoidRootPart.CFrame = CFrame.new(576.704224, 31.6353474, 431.471893, 0.707134247, 0, 0.707079291, 0, 1, 0, -0.707079291, 0, 0.707134247)
wait(40)
    game.Players.LocalPlayer.Character.HumanoidRootPart.CFrame = CFrame.new(499.522247, 36.9593658, 592.104492, 0.499959469, -9.0809408e-08, 0.866048813, 4.81957834e-08, 1, 7.70319915e-08, -0.866048813, 3.22702487e-09, 0.499959469)
wait(0.2)
    game.Players.LocalPlayer.Character.HumanoidRootPart.CFrame = CFrame.new(542.820068, 31.6080856, 462.124146, 0.707134247, 0, 0.707079291, 0, 1, 0, -0.707079291, 0, 0.707134247)
wait(40)
    game.Players.LocalPlayer.Character.HumanoidRootPart.CFrame = CFrame.new(499.522247, 36.9593658, 592.104492, 0.499959469, -9.0809408e-08, 0.866048813, 4.81957834e-08, 1, 7.70319915e-08, -0.866048813, 3.22702487e-09, 0.499959469)
wait(0.2)
    game.Players.LocalPlayer.Character.HumanoidRootPart.CFrame = CFrame.new(564.881592, 31.608078, 453.834961, 0.707134247, 0, 0.707079291, 0, 1, 0, -0.707079291, 0, 0.707134247)
wait(50)
    game.Players.LocalPlayer.Character.HumanoidRootPart.CFrame = CFrame.new(499.522247, 36.9593658, 592.104492, 0.499959469, -9.0809408e-08, 0.866048813, 4.81957834e-08, 1, 7.70319915e-08, -0.866048813, 3.22702487e-09, 0.499959469)
wait(0.2)
    game.Players.LocalPlayer.Character.HumanoidRootPart.CFrame = CFrame.new(572.910034, 31.608078, 440.25177, -0.707134247, 0, 0.707079291, 0, 1, 0, -0.707079291, 0, -0.707134247)
